name: seq_aln
channels:
  - salilab
  - r
  - bioconda
  - anaconda
  - conda-forge
  - defaults
dependencies:
  - argtable2=2.13=h14c3975_1001
  - artemis=18.1.0=0
  - blas=1.0=mkl
  - blast=2.9.0=h20b68b9_1
  - boost=1.68.0=py37h8619c78_1001
  - boost-cpp=1.68.0=h11c811c_1000
  - bwa=0.7.17=hed695b0_7
  - bzip2=1.0.8=h7b6447c_0
  - ca-certificates=2020.1.1=0
  - certifi=2020.4.5.1=py37_0
  - clustalo=1.2.4=hfc679d8_2
  - clustalw=2.1=hc9558a2_5
  - curl=7.69.1=hbc83047_0
  - gmp=6.1.2=hb3b607b_0
  - gnutls=3.6.5=hd3a4fd2_1002
  - hmmer=3.3=he1b5a44_0
  - icu=58.2=h211956c_0
  - intel-openmp=2020.0=166
  - krb5=1.17.1=h173b8e3_0
  - ld_impl_linux-64=2.33.1=h53a641e_7
  - libcurl=7.69.1=h20c2e04_0
  - libedit=3.1.20181209=hc058e9b_0
  - libffi=3.2.1=h4deb6c0_3
  - libgcc-ng=9.1.0=hdf63c60_0
  - libgfortran-ng=7.3.0=hdf63c60_0
  - libssh2=1.9.0=h1ba5d50_1
  - libstdcxx-ng=9.1.0=hdf63c60_0
  - mafft=7.458=h516909a_0
  - mkl=2019.5=281
  - mkl-service=2.3.0=py37he904b0f_0
  - mkl_fft=1.0.14=py37hd81dba3_0
  - mkl_random=1.0.4=py37hd81dba3_0
  - muscle=3.8.1551=hc9558a2_5
  - ncurses=6.2=he6710b0_0
  - nettle=3.4.1=h1bed415_1002
  - numpy=1.17.0=py37h7e9f1db_0
  - numpy-base=1.17.0=py37hde5b4d6_0
  - openjdk=11.0.1=h516909a_1016
  - openssl=1.1.1=h7b6447c_0
  - pcre=8.43=he6710b0_0
  - perl=5.26.2=h14c3975_0
  - perl-archive-tar=2.32=pl526_0
  - perl-carp=1.38=pl526_3
  - perl-common-sense=3.74=pl526_2
  - perl-compress-raw-bzip2=2.087=pl526he1b5a44_0
  - perl-compress-raw-zlib=2.087=pl526hc9558a2_0
  - perl-exporter=5.72=pl526_1
  - perl-exporter-tiny=1.002001=pl526_0
  - perl-extutils-makemaker=7.36=pl526_1
  - perl-io-compress=2.087=pl526he1b5a44_0
  - perl-io-zlib=1.10=pl526_2
  - perl-json=4.02=pl526_0
  - perl-json-xs=2.34=pl526h6bb024c_3
  - perl-list-moreutils=0.428=pl526_1
  - perl-list-moreutils-xs=0.428=pl526_0
  - perl-pathtools=3.75=pl526h14c3975_1
  - perl-scalar-list-utils=1.52=pl526h516909a_0
  - perl-types-serialiser=1.0=pl526_2
  - perl-xsloader=0.24=pl526_0
  - pip=20.0.2=py37_1
  - probcons=1.12=hdbcaa40_0
  - python=3.7.7=hcf32534_0_cpython
  - readline=8.0=h7b6447c_0
  - setuptools=46.1.3=py37_0
  - six=1.14.0=py37_0
  - sqlite=3.31.1=h7b6447c_0
  - t_coffee=11.0.8=py37hea885bf_8
  - tk=8.6.8=hbc83047_0
  - wheel=0.34.2=py37_0
  - xz=5.2.4=h14c3975_4
  - zlib=1.2.11=h7b6447c_3
prefix: /home/saul/miniconda3/envs/seq_aln

