name: genomics
channels:
  - salilab
  - r
  - anaconda
  - conda-forge
  - bioconda
  - defaults
dependencies:
  - _r-mutex=1.0.1=anacondar_1
  - artemis=18.1.0=0
  - binutils_impl_linux-64=2.31.1=h6176602_1
  - binutils_linux-64=2.31.1=h6176602_9
  - blas=1.0=mkl
  - boost=1.68.0=py37h8619c78_1001
  - boost-cpp=1.68.0=h11c811c_1000
  - bowtie2=2.3.5.1=py37he513fc3_0
  - breseq=0.35.1=h8b12597_0
  - bwa=0.7.17=hed695b0_7
  - bwidget=1.9.11=1
  - bzip2=1.0.8=h7b6447c_0
  - ca-certificates=2020.1.1=0
  - cairo=1.14.12=h8948797_3
  - certifi=2020.4.5.1=py37_0
  - curl=7.69.1=hbc83047_0
  - fontconfig=2.13.0=h9420a91_0
  - freetype=2.9.1=h8a8886c_1
  - fribidi=1.0.5=h7b6447c_0
  - gcc_impl_linux-64=7.3.0=habb00fd_1
  - gcc_linux-64=7.3.0=h553295d_9
  - gfortran_impl_linux-64=7.3.0=hdf63c60_1
  - gfortran_linux-64=7.3.0=h553295d_9
  - glib=2.56.2=hd408876_0
  - gmp=6.1.2=hb3b607b_0
  - gnutls=3.6.5=hd3a4fd2_1002
  - graphite2=1.3.13=h23475e2_0
  - gxx_impl_linux-64=7.3.0=hdf63c60_1
  - gxx_linux-64=7.3.0=h553295d_9
  - harfbuzz=1.8.8=hffaf4a1_0
  - htslib=1.9=h4da6232_3
  - icu=58.2=h211956c_0
  - intel-openmp=2020.0=166
  - jpeg=9b=habf39ab_1
  - krb5=1.17.1=h173b8e3_0
  - ld_impl_linux-64=2.33.1=h53a641e_7
  - libcurl=7.69.1=h20c2e04_0
  - libdeflate=1.5=h516909a_0
  - libedit=3.1.20181209=hc058e9b_0
  - libffi=3.2.1=h4deb6c0_3
  - libgcc-ng=9.1.0=hdf63c60_0
  - libgfortran-ng=7.3.0=hdf63c60_0
  - libopenblas=0.3.6=h6e990d7_6
  - libpng=1.6.37=hbc83047_0
  - libssh2=1.9.0=h1ba5d50_1
  - libstdcxx-ng=9.1.0=hdf63c60_0
  - libtiff=4.1.0=h2733197_0
  - libuuid=1.0.3=h1bed415_2
  - libxcb=1.13=h1bed415_1
  - libxml2=2.9.9=hea5a465_1
  - mkl=2019.5=281
  - mkl-service=2.3.0=py37he904b0f_0
  - mkl_fft=1.0.14=py37hd81dba3_0
  - mkl_random=1.0.4=py37hd81dba3_0
  - ncurses=6.1=hf484d3e_1002
  - nettle=3.4.1=h1bed415_1002
  - numpy=1.17.0=py37h7e9f1db_0
  - numpy-base=1.17.0=py37hde5b4d6_0
  - openblas=0.3.6=h6e990d7_6
  - openjdk=11.0.1=h516909a_1016
  - openssl=1.1.1=h7b6447c_0
  - pango=1.42.4=h049681c_0
  - pcre=8.43=he6710b0_0
  - perl=5.26.2=h14c3975_0
  - perl-archive-tar=2.32=pl526_0
  - perl-carp=1.38=pl526_3
  - perl-common-sense=3.74=pl526_2
  - perl-compress-raw-bzip2=2.087=pl526he1b5a44_0
  - perl-compress-raw-zlib=2.087=pl526hc9558a2_0
  - perl-exporter=5.72=pl526_1
  - perl-exporter-tiny=1.002001=pl526_0
  - perl-extutils-makemaker=7.36=pl526_1
  - perl-io-compress=2.087=pl526he1b5a44_0
  - perl-io-zlib=1.10=pl526_2
  - perl-json=4.02=pl526_0
  - perl-json-xs=2.34=pl526h6bb024c_3
  - perl-list-moreutils=0.428=pl526_1
  - perl-list-moreutils-xs=0.428=pl526_0
  - perl-pathtools=3.75=pl526h14c3975_1
  - perl-scalar-list-utils=1.52=pl526h516909a_0
  - perl-types-serialiser=1.0=pl526_2
  - perl-xsloader=0.24=pl526_0
  - pip=20.0.2=py37_1
  - pixman=0.38.0=h7b6447c_0
  - plink=1.90b6.12=heea4ae3_0
  - python=3.7.6=h0371630_2
  - r-base=3.4.3=h9bb98a2_5
  - readline=7.0=h7b6447c_5
  - samtools=1.9=h10a08f8_12
  - setuptools=46.1.3=py37_0
  - six=1.14.0=py37_0
  - sqlite=3.31.1=h7b6447c_0
  - tbb=2020.0=hfd86e86_0
  - tk=8.6.8=hbc83047_0
  - tktable=2.10=h14c3975_0
  - wheel=0.34.2=py37_0
  - xz=5.2.4=h14c3975_4
  - zlib=1.2.11=h7b6447c_3
  - zstd=1.3.7=h0b5b093_0
prefix: /home/saul/miniconda3/envs/genomics

